9
12345678
12345678
15
6789
8
123567
9
12345678
12345678
18
123456789
123456789
123456789
5
1234
1234
6789
123567
15
123456789
123456789
123456789
11
23456789
23456789
11
23456789
9
12345678
10
12346789
16
79
79
6
1245
1245
7
123456
123456
23456789
12345678
12346789
9
12345678
11
23456789
23456789
17
89
89
12
123456789
11
23456789
17
89
3
12
12345678
11
23456789
23456789
11
12345678
12345678
123456789
23456789
89
12
6
1245
12
345789
8
123567
123567
12345678
123456789
15
123456789
15
6789
6789
1245
345789
15
6789
6789
14
123456789
12
345789
123456789
123456789
15
123456789
8
123567
123567
6
1245
123456789
123456789
345789
123456789
123456789
123456789
15
6789
6789
1245
13
123456789
123456789
123456789